1.1166666666666667
1.0666666666666667
1.0666666666666667
1.0166666666666666
1.0166666666666666
0.95
0.9333333333333333
0.9166666666666666
0.9
0.8
0.7166666666666667
0.6666666666666666
0.65
0.65
0.6166666666666667
0.6166666666666667
0.5833333333333334
0.55
0.5166666666666667
0.48333333333333334
0.45
0.45
0.4166666666666667
0.38333333333333336
0.36666666666666664
0.2833333333333333
0.23333333333333334
0.15
0.06666666666666667
0.03333333333333333
23.916666666666668
23.866666666666667
23.3
23.283333333333335
23.216666666666665
23.183333333333334
23.133333333333333
23.1
23.1
22.983333333333334
22.983333333333334
22.95
22.816666666666666
22.8
22.75
22.566666666666666
22.5
22.333333333333332
22.333333333333332
22.3
22.2
22.133333333333333
21.966666666666665
21.9
21.65
21.65
21.633333333333333
21.366666666666667
20.95
20.533333333333335
20.5
19.983333333333334
19.866666666666667
19.266666666666666
19.233333333333334
19.216666666666665
19.166666666666668
19.166666666666668
18.916666666666668
18.666666666666668
18.666666666666668
18.616666666666667
18.133333333333333
18.016666666666666
17.733333333333334
16.966666666666665
16.866666666666667
14.333333333333334
14.183333333333334
9.95
9.883333333333333
9.766666666666667
9.516666666666667
9.433333333333334
9.333333333333334
4.916666666666667
1.4
0.9833333333333333
0.6
0.48333333333333334
0.26666666666666666
0.08333333333333333
0.05
0.016666666666666666
23.95
23.9
23.883333333333333
23.85
23.816666666666666
23.116666666666667
22.9
22.9
22.85
22.783333333333335
22.716666666666665
22.55
22.5
22.433333333333334
22.366666666666667
22.35
22.316666666666666
22.3
22.3
22.283333333333335
22.283333333333335
22.233333333333334
22.233333333333334
22.2
22.166666666666668
22.15
22.116666666666667
22.116666666666667
22.116666666666667
22.083333333333332
22.05
21.983333333333334
21.933333333333334
21.9
21.9
21.883333333333333
21.883333333333333
21.85
21.85
21.8
21.8
21.75
21.733333333333334
21.716666666666665
21.683333333333334
21.683333333333334
21.65
21.633333333333333
21.5
21.483333333333334
19.4
19.283333333333335
18.433333333333334
18.35
18.15
18.066666666666666
17.933333333333334
17.816666666666666
17.666666666666668
17.583333333333332
17.466666666666665
17.266666666666666
17.066666666666666
16.0
15.966666666666667
15.883333333333333
15.85
15.816666666666666
15.766666666666667
15.733333333333333
15.633333333333333
8.2
7.483333333333333
4.033333333333333
3.9166666666666665
3.8166666666666664
3.65
3.25
2.9
2.716666666666667
2.6
1.7833333333333332
1.6
1.1833333333333333
1.15
0.9166666666666666
0.65
0.4166666666666667
0.4
0.36666666666666664
0.35
0.35
0.3333333333333333
0.31666666666666665
0.31666666666666665
0.23333333333333334
0.23333333333333334
0.21666666666666667
0.18333333333333332
0.18333333333333332
0.15
0.15
0.13333333333333333
0.13333333333333333
0.11666666666666667
0.08333333333333333
0.06666666666666667
23.95
23.933333333333334
23.916666666666668
23.883333333333333
23.85
23.85
23.766666666666666
23.683333333333334
23.633333333333333
23.583333333333332
23.4
23.35
23.3
23.3
23.25
22.833333333333332
22.6
22.25
21.666666666666668
20.55
20.45
20.383333333333333
19.966666666666665
19.8
19.633333333333333
19.583333333333332
19.516666666666666
19.416666666666668
19.283333333333335
19.216666666666665
19.166666666666668
19.116666666666667
18.9
18.683333333333334
15.4
15.233333333333333
14.95
14.9
14.716666666666667
14.616666666666667
13.516666666666667
13.4
13.283333333333333
13.183333333333334
12.716666666666667
11.433333333333334
10.35
8.783333333333333
3.7333333333333334
2.6166666666666667
1.9333333333333333
23.6
21.866666666666667
21.733333333333334
21.116666666666667
19.95
18.15
18.133333333333333
17.95
17.933333333333334
15.633333333333333
15.566666666666666
15.533333333333333
15.433333333333334
15.366666666666667
15.316666666666666
15.166666666666666
15.116666666666667
14.433333333333334
14.283333333333333
14.05
14.016666666666667
13.733333333333333
13.666666666666666
13.6
13.55
11.2
11.15
10.9
10.866666666666667
10.75
10.716666666666667
10.6
10.533333333333333
10.466666666666667
10.416666666666666
7.533333333333333
3.966666666666667
3.9333333333333336
3.3
3.216666666666667
2.5666666666666664
2.2666666666666666
1.7
1.6
0.016666666666666666
23.316666666666666
22.916666666666668
22.883333333333333
22.35
22.333333333333332
21.9
21.583333333333332
21.516666666666666
21.516666666666666
21.5
21.283333333333335
21.266666666666666
21.166666666666668
21.15
21.0
20.966666666666665
20.366666666666667
20.316666666666666
20.216666666666665
20.15
20.116666666666667
20.066666666666666
19.983333333333334
19.9
19.883333333333333
19.766666666666666
19.733333333333334
19.65
19.583333333333332
19.5
19.433333333333334
19.316666666666666
19.25
19.216666666666665
19.216666666666665
19.2
19.1
18.933333333333334
18.916666666666668
18.883333333333333
18.866666666666667
18.816666666666666
18.766666666666666
18.65
18.583333333333332
18.233333333333334
18.1
17.883333333333333
17.7
17.683333333333334
17.666666666666668
17.55
17.233333333333334
17.233333333333334
17.15
17.016666666666666
16.95
16.916666666666668
16.866666666666667
16.816666666666666
16.633333333333333
16.4
16.216666666666665
15.9
15.766666666666667
15.616666666666667
14.283333333333333
14.25
13.683333333333334
13.6
13.483333333333333
13.466666666666667
13.266666666666667
13.2
13.15
13.116666666666667
13.083333333333334
12.916666666666666
12.516666666666667
12.5
11.816666666666666
5.033333333333333
3.5666666666666664
3.4166666666666665
3.3166666666666664
3.2333333333333334
3.1666666666666665
3.066666666666667
2.8333333333333335
2.4833333333333334
2.183333333333333
2.1333333333333333
2.1
1.8666666666666667
1.8166666666666667
1.7333333333333334
1.6833333333333333
1.6333333333333333
1.5666666666666667
1.3666666666666667
1.3333333333333333
1.1
1.0833333333333333
1.05
0.8333333333333334
0.8
0.7166666666666667
0.7166666666666667
0.6166666666666667
0.31666666666666665
0.11666666666666667
23.666666666666668
23.533333333333335
23.416666666666668
23.316666666666666
23.266666666666666
23.233333333333334
23.066666666666666
22.566666666666666
22.5
22.45
22.316666666666666
22.233333333333334
21.85
21.85
21.85
21.85
21.85
21.833333333333332
21.833333333333332
21.833333333333332
21.833333333333332
21.833333333333332
21.833333333333332
21.833333333333332
21.833333333333332
21.833333333333332
21.816666666666666
21.816666666666666
21.816666666666666
21.816666666666666
21.533333333333335
21.216666666666665
21.133333333333333
20.9
20.783333333333335
20.766666666666666
20.75
20.35
20.016666666666666
19.766666666666666
19.716666666666665
19.666666666666668
